3.45 
2.78 
2.52 
3.67 
3.24 
2.10 
2.82 
2.36 
2.42 
3.51 
3.48 
2.14 
2.59 
3.46 
3.51 
3.68 
3.91 
3.72 
2.15 
2.48 
3.09 
2.71 
2.46 
3.32 
3.61 
3.82 
2.64 
2.19 
3.34 
3.48 
3.56 
3.81 
3.92 
2.52 
2.71 
3.15 
3.22 
2.29 
2.03 
3.14 
3.52 
2.91 
2.83 
2.65 
2.41 
2.54 
2.66 
3.21 
3.34 
3.68 
2.84 
2.74 
2.71 
2.24 
2.48 
3.14 
2.83 
3.44 
2.89 
2.67 
3.24 
3.29 
3.87 
3.94 
3.42 
3.52 
2.24 
3.29 
3.41 
3.56 
3.61 
3.28 
3.21 
3.48 
3.62 
2.92 
2.81 
3.11 
3.28 
2.70 
2.62 
3.72 
3.42 
3.51 
3.28 
3.42 
3.90 
3.12 
2.83 
2.09 
3.17 
3.28 
3.02 
3.42 
3.06 
2.76 
3.19 
2.23 
2.48 
3.76 
3.49 
3.07 
2.19 
3.46 
